ffls'romcus, 089

Τ1110111111110111101030111111111111 ’71111 0111111111 11111110, 11.
011111 397, 18. Τ 111011. 1011111111 1111111111ιί0 11, 18,

Τ11111111011100111111101110217. 1011111 duee· septem 11, 20. 11-
011011111101 0111011111 regem 11 1111 11 trucidandis 1111110111·11101
Ι111011101111111111000,10.110,12. 59, 2.

Therma 1111111111111111111111 no· ’1111111111110111111111011111111,
1111111111 10, 5, 171, 10. 20022. 1101101111111 1111111111 111111οι1,
205, 10. 1001. 0. 122, 10. 111111111111111228,

’1111111111 17, 0. 101, 7. 100, 17. 0. 108,11.100,10.1«10. 8· 111,
11111 001110111111 07, 8. 0. peregrini 1111111110. 111111

’1111111101111 v. 11111111. 110101111111119. 10. imperatores

’1111111111 amnuens 1. v. 011110- 230110· aladii ’1110133117-
1051. pugnam 1111111111 11101 011. 1.

Thomu Peitlupn 2111111111. 211, castrorum instructio 111. 19. 008,
10. 0. 11 110111011111111110111111.

Τ111111110,21. 18,1. 10, 10. 129, 111110 510,1. annom 11110 080,
21. 500, 20 20. monachi 152, 2, 10. 1111-

Ticinus ss. 191, 21. 11111001111110110110. 111·

Tit-arati 111, 8. 1111111,11111111111111111110οὠ.

Toconeium 111111 210, 0. 1011111111111111111 10111111

,1010111111 [111111110011. 107, 0. praefecti 1101111011

’10111111111 101, 9. 1111111111 111. 17. 1111111111.

’10111111110111111101111ωο0111250, 10. 115111111111111. consiliarii.
11. 11111111 108,10. 17. 117,11.

'rupem 100, 10. 110, 11 101, praecone· 501, 8. 7. 11111111,
5.100, 10. 11 partes distributa 11111111, vectigalium, 11. 100,
107, 0. obtem 11 expugna· 10. .

1 1111111111111. 101, 7. ’111- 0111111111111811111 Phrygiae 11111

Τ10011111η1οῗ71. ’001120 416010028, Τ1001100031110 1100110010οά01ζῖ

,ἃ w, ⁶· ³¹9 201 sen· 11012170 171 s· 2³7, 2·
01011111101111111 11 11111111 Τυ11111111111111110275,2.

M, 10. 101111011311111111111. Τγ1111111291,10. Τγ1111111207,
1011111 1111111150,,1. 00018. 21272, 11. 190, 17.001,11.
fnanibus 11111111 11, 0. 01, 001, 11. principa 1111101111·
10. 119, 111010. 212, 10. 115, 11011 111111 01111012019.
21, 283, 111 111, 10. 100, 0. Τ111111111111. Τ1111111111118,18.
500, 18. 501,10. 1111111 111111. 151, 2.

1111 lingua 11111 1111111, 11111111, 1111111111111100,1. -
Paionia, 8111111111 00, 8. quon ’1111011101110111011111111111-
omnes 11111111 1111311111 110111· 311111111505, 11,

num existimat 111. 11. 111111 11111111011111111111·1. 107, 10.
11111331111111111 1011111 ib. 10. οἑ82ὲ1τοἓ1111111111ὲ111ἶίἶέ11ανὲ1
⁰ ,a , 1 .tmenme1..

0110150111 1111111012. 00,11. 0111111111 11110 nemag 11111111

Troia 111111 52, 21. 10. 111111811111 urbem 111111

Τ11111111111101111101111110111111111111 ib 10. 11 1111111111 11111 Eu-
ῃχοι· 67, 101 20· [1711110111 198, 71 5011100111οΜ

Τ11111111111111111 Τ11111111 11010. obsedit ib. 10. 11 0111101111
238, 10. 200, 2. 252, 9. 280, 2. eastra 11011111110.

308, 17. 011118. 011, 10. 018. Tu 1111111111. 1011111 11110100,
6. 00010. 078, 8. 081. 11. 109, lg.

10111, 1111111011111111111111 ’11111111 105, 11.

³⁸2, 2, ' 1111111(111101111111111111111115010.

 

