880 iiim

1111111011 180, 12. 81010011 80,11.
1111101111 87,11. 17111. 1011111 Siccae 11111. 119, 7.
rex 011111 11 1111111111 11111111 11. 8111111111 110, 0. ·.·
01101180,10. 8110101001 ’11101111 f. 130, 1.
11101 11111170,9.118,10. , 155, 10.
1110111001 505, 18. ⁴ 8101110181171, 11.
1111111111 1111111 1 151, 13. 81111 ab 1111011111 mecm 11111111
Pmoun· 11001 1011 111111 1111111111 1111011 30. 11.
77, 15. 500, 1. 8111101011 115, 10.
8111111011 11101111 0111111101 111. 8111111111 180, 11. 181, 18
111, 0. occisus 111112, 8. silvarium 11110111 115, 10.
Priamus 11111 Venetia 111110Ιί1110 8110111111 0118 01111111ιί1 regia
111111 mmmm· 111. 11111 01101 107, 111117.
100, 11. 8100111011 107, 181
1111110111 1101010, 01 8111111111 378, 21.
1111110110 regio 53, 13. 17. 111, 8111101111 131,10.103,1.

10. , Samothrace 109, 7.
Propontidis 1111111 11111 317, 11. samus 1131.
1101111001 1111111 011108110111111 810811111111111111110 1001011111

001110101110 107,13. 010, 16.
1101001111111111101,9. 81001111 505,1. 1101101101
Provincia 8010. cuim 10011000· filio Rhngusium 0101001511, 10.

111811111011. 110100111111111111 51111110
Prusa Mysiae 111111 'i' 1111111101 11- regio 501, 12. 533, 10. iiiii·

gia 11011 imi. 17, 22. 51,20. 510, 7. 018, 11.

1501. 151,10. - Sangala 'semitis 01111· 1111.
1111111101, 11. 8101110101180, 12. m, 18.
Pamin 131. 11. Saraceni 83, 3.

11111111 55818. 8111111111οω 311, 12

1111011101 Atticae, Boeotiae. Pbo- 8111011111 poematum 219, 15.
11111101111101100, 11. 107, 21. samin 8111011001 affl, 10.
111 expeditione 10111111 Graecos 81111111, 8111111111010111101001-
107, 0. Prothimi 11Ιί11111 habuit 11101211,10.37’1,1. tegite
11101101·208,10.111110010101011 domm 10011 310, 11.
Antonius 020, 011.

12, 3. 11. 8111111011 011111 1 Tuccam 11-

111111 200, 18. 100, 11. 01111 0011811115, 1. 00, 10. isi
1111111101 Provincia 11 111101Ιί1 1. 1081011115.

m 170, 0. 8111111111 100, 12 m 11.
111111110810. 8111010131,11.130,11. &niuis
11111001 181,10. tributarium& 1110111118·
8110011010 031, 17. 131, 11.

8101110119, 13. Sarmatae 77, 20. 131, 22. mn
1111101138,1.11111111111111101111110- 1100113508. 131, 1. 1312. ,

nestorium 132, 10. 133, 1. 03018.
8101111111 dux 1111110111 87, 11. 8111 108, 20.

88, 15. 11111011 58, 2,
0101110111111111111111 81111. 8111111 1010111111. 1. v. 0111011·
1011110111 dux Palatinus 87,11· 1111111.

88, ¹3· 81101018, 1. 53, 11.

Romanorum 1110, 0. 8011001110 1111113709.
8010100011 de ’101010011ιωὶ01 8111111101100110111111011 191, 7.

tocius 2⁰9. 13· · 811011τί1 nesii (1111101111 1. 101.

11110111 01111111), 18 16.

8101111111 10001101201. 15. 555, 7. 8111101111 1. q. Aleum? 137, 0 ¹

 

