590 11101311 ms'romcUS.

7111111 9111111111 1.166,14.167, 1111111111 111111 191, 8
1. 111111 1111111117111111 1111. 1016111111111. 11111111 111 111.
[1111111 397, 7. 469, 2 1111111 regnum accercitus Q
11111111111111111111111,11. 19. cum 1111111111. 111111 ’
01111111151131,14. gennit 307, 11. [1161111111
1111111111 1111111 ’1111111 504, 6. pontificio 11111111 1111111111-
001171111τί1 1. 166, 10. 11111 benum redintegravit 311,
111111 Phrygius 11111111 11111111· 10. 311, 10. 315, 1. Calli*
1111154, 18. 1111110111111 utba 1111111 ’
01111111 811111117111111111111 11. 31114. 11111 11111111 111111·
[111 sutor, equorum regiorum 11111 111111131011111111

cuntot 98, 99. 30, 9. 31, 16. 1111111336, 10.

53, 19. Xerxen 01111 1. 15314.
61111χ117111111 437, 21. zacharium 11111111 10113. 110,
Urbini tyranni· 301, 8. 19.

111111 Scytharum agon 117, 17. Ζ1μ1111161111111111111.16111131

129, 19. 19. 401, 2. 4041141610.
011111111111111111111111111170, Campona et 's 1111111111 pnes*

6 309,19 1111147010. Peloponnesi ρηο-
91111111 11111 973, 16. sectus 476, 91. 181, 11 181 1·
Veneti 7, 7. 5011. 74, 6 1113, 483, 11. 484, 11. 51119561.

11. 1111111111. 111, 11. 111, 11.

1. 113,19. 114, 3. 135,10. 138, zagora 11111111 101, 4.

1315119. 164, 16. 171, ll. 711111111111111111 1111111113,

195, 10. 191116 199, 6. 301, 17.38,15. 1111 11111 6111111·

13. 305, 10. 431. 6. 476, 91. 11111 ot 01111111817.

478, 9. 489, 15. 530, 10. 545, mommo 111511110011.

·1.⁵55, 15. eorum 111111 188, 2111111111 909, 6.

99. reipublicae 1111111913. 71111111111111111111111111111·
· 11111111 111. 13. reliqui magi· 1111394,1. 1Τ111111111111010
1111111 196, 7. 197,11. bem ρ111111111111111111 11111110
1111 198, 5. urbi· 1111111111 21111111 0117111111181, 18.
magnificentia 197, 5. 1111111111 'letania 11111 111111111111111.

ib. 198. 11. 16. 174, 10.

Verona invenenatum dicione 191, 1111111111 11111111111111111116·

6. 1111111111ρ1131111111111.7. 11131115. 393, 90.
Victor 01111191611111111111 111- 71111111 8111111111111119010

1111111111111515, 15. 21111111 1111111111 'ram 110·
01ἕς11911111 69, 19. 10, 9. 11. ὲῑιοτίιεδὸρηοῐοαω 191. 119

, . 1111 ,11.

, - ,Ιομηυτμη 111111 11111111.

 

